EBlowEtaBad	190645	190781	1.0020	0.0004	0	0
EBlowEtaBad	190782	191042	1.0079	0.0004	0	0
EBlowEtaBad	191043	193555	0.9991	0.0002	0	0
EBlowEtaBad	193556	194150	0.9976	0.0002	0	0
EBlowEtaBad	194151	194532	0.9981	0.0002	0	0
EBlowEtaBad	194533	195113	0.9983	0.0002	0	0
EBlowEtaBad	195114	195915	0.9984	0.0002	0	0
EBlowEtaBad	195916	198115	0.9975	0.0002	0	0
EBlowEtaBad	198116	199803	1.0011	0.0001	0	0
EBlowEtaBad	199804	200048	1.0023	0.0002	0	0
EBlowEtaBad	200049	200151	1.0036	0.0003	0	0
EBlowEtaBad	200152	200490	1.0013	0.0002	0	0
EBlowEtaBad	200491	200531	1.0035	0.0003	0	0
EBlowEtaBad	200532	201656	1.0017	0.0002	0	0
EBlowEtaBad	201657	202305	1.0025	0.0002	0	0
EBlowEtaBad	202305	203002	1.0038	0.0002	0	0
EBlowEtaGold	190645	190781	0.9964	0.0004	0	0
EBlowEtaGold	190782	191042	1.0024	0.0005	0	0
EBlowEtaGold	191043	193555	0.9935	0.0002	0	0
EBlowEtaGold	193556	194150	0.9920	0.0002	0	0
EBlowEtaGold	194151	194532	0.9925	0.0002	0	0
EBlowEtaGold	194533	195113	0.9927	0.0002	0	0
EBlowEtaGold	195114	195915	0.9929	0.0002	0	0
EBlowEtaGold	195916	198115	0.9919	0.0002	0	0
EBlowEtaGold	198116	199803	0.9955	0.0002	0	0
EBlowEtaGold	199804	200048	0.9967	0.0002	0	0
EBlowEtaGold	200049	200151	0.9980	0.0003	0	0
EBlowEtaGold	200152	200490	0.9958	0.0002	0	0
EBlowEtaGold	200491	200531	0.9979	0.0003	0	0
EBlowEtaGold	200532	201656	0.9961	0.0002	0	0
EBlowEtaGold	201657	202305	0.9969	0.0002	0	0
EBlowEtaGold	202305	203002	0.9982	0.0002	0	0
EBhighEtaBad	190645	190781	1.0028	0.0017	0	0
EBhighEtaBad	190782	191042	1.0058	0.0017	0	0
EBhighEtaBad	191043	193555	0.9997	0.0007	0	0
EBhighEtaBad	193556	194150	0.9951	0.0007	0	0
EBhighEtaBad	194151	194532	0.9963	0.0007	0	0
EBhighEtaBad	194533	195113	0.9981	0.0006	0	0
EBhighEtaBad	195114	195915	0.9974	0.0005	0	0
EBhighEtaBad	195916	198115	0.9964	0.0006	0	0
EBhighEtaBad	198116	199803	0.9995	0.0005	0	0
EBhighEtaBad	199804	200048	1.0006	0.0007	0	0
EBhighEtaBad	200049	200151	1.0012	0.0012	0	0
EBhighEtaBad	200152	200490	1.0004	0.0008	0	0
EBhighEtaBad	200491	200531	1.0012	0.0011	0	0
EBhighEtaBad	200532	201656	0.9996	0.0006	0	0
EBhighEtaBad	201657	202305	1.0002	0.0005	0	0
EBhighEtaBad	202305	203002	1.0008	0.0007	0	0
EBhighEtaGold	190645	190781	0.9893	0.0026	0	0
EBhighEtaGold	190782	191042	0.9923	0.0026	0	0
EBhighEtaGold	191043	193555	0.9861	0.0021	0	0
EBhighEtaGold	193556	194150	0.9814	0.0021	0	0
EBhighEtaGold	194151	194532	0.9826	0.0021	0	0
EBhighEtaGold	194533	195113	0.9844	0.0020	0	0
EBhighEtaGold	195114	195915	0.9838	0.0020	0	0
EBhighEtaGold	195916	198115	0.9827	0.0020	0	0
EBhighEtaGold	198116	199803	0.9859	0.0020	0	0
EBhighEtaGold	199804	200048	0.9870	0.0021	0	0
EBhighEtaGold	200049	200151	0.9877	0.0023	0	0
EBhighEtaGold	200152	200490	0.9868	0.0021	0	0
EBhighEtaGold	200491	200531	0.9876	0.0022	0	0
EBhighEtaGold	200532	201656	0.9860	0.0020	0	0
EBhighEtaGold	201657	202305	0.9866	0.0020	0	0
EBhighEtaGold	202305	203002	0.9872	0.0021	0	0
EElowEtaBad	190645	190781	0.9937	0.0027	0	0
EElowEtaBad	190782	191042	0.9977	0.0028	0	0
EElowEtaBad	191043	193555	0.9960	0.0011	0	0
EElowEtaBad	193556	194150	0.9962	0.0011	0	0
EElowEtaBad	194151	194532	0.9980	0.0011	0	0
EElowEtaBad	194533	195113	0.9999	0.0010	0	0
EElowEtaBad	195114	195915	1.0007	0.0009	0	0
EElowEtaBad	195916	198115	1.0017	0.0009	0	0
EElowEtaBad	198116	199803	0.9959	0.0008	0	0
EElowEtaBad	199804	200048	0.9959	0.0011	0	0
EElowEtaBad	200049	200151	0.9976	0.0018	0	0
EElowEtaBad	200152	200490	0.9988	0.0013	0	0
EElowEtaBad	200491	200531	0.9981	0.0019	0	0
EElowEtaBad	200532	201656	0.9970	0.0010	0	0
EElowEtaBad	201657	202305	0.9980	0.0009	0	0
EElowEtaBad	202305	203002	1.0000	0.0011	0	0
EElowEtaGold	190645	190781	0.9871	0.0028	0	0
EElowEtaGold	190782	191042	0.9911	0.0029	0	0
EElowEtaGold	191043	193555	0.9894	0.0014	0	0
EElowEtaGold	193556	194150	0.9896	0.0014	0	0
EElowEtaGold	194151	194532	0.9914	0.0014	0	0
EElowEtaGold	194533	195113	0.9934	0.0013	0	0
EElowEtaGold	195114	195915	0.9942	0.0012	0	0
EElowEtaGold	195916	198115	0.9952	0.0012	0	0
EElowEtaGold	198116	199803	0.9893	0.0011	0	0
EElowEtaGold	199804	200048	0.9893	0.0014	0	0
EElowEtaGold	200049	200151	0.9910	0.0020	0	0
EElowEtaGold	200152	200490	0.9922	0.0015	0	0
EElowEtaGold	200491	200531	0.9915	0.0021	0	0
EElowEtaGold	200532	201656	0.9904	0.0013	0	0
EElowEtaGold	201657	202305	0.9914	0.0012	0	0
EElowEtaGold	202305	203002	0.9934	0.0014	0	0
EEhighEtaBad	190645	190781	0.9958	0.0024	0	0
EEhighEtaBad	190782	191042	1.0005	0.0023	0	0
EEhighEtaBad	191043	193555	0.9982	0.0011	0	0
EEhighEtaBad	193556	194150	0.9990	0.0011	0	0
EEhighEtaBad	194151	194532	0.9993	0.0011	0	0
EEhighEtaBad	194533	195113	0.9996	0.0010	0	0
EEhighEtaBad	195114	195915	0.9997	0.0009	0	0
EEhighEtaBad	195916	198115	0.9987	0.0009	0	0
EEhighEtaBad	198116	199803	1.0041	0.0008	0	0
EEhighEtaBad	199804	200048	1.0055	0.0011	0	0
EEhighEtaBad	200049	200151	1.0097	0.0019	0	0
EEhighEtaBad	200152	200490	1.0065	0.0013	0	0
EEhighEtaBad	200491	200531	1.0096	0.0019	0	0
EEhighEtaBad	200532	201656	1.0063	0.0010	0	0
EEhighEtaBad	201657	202305	1.0116	0.0009	0	0
EEhighEtaBad	202305	203002	1.0135	0.0012	0	0
EEhighEtaGold	190645	190781	0.9839	0.0024	0	0
EEhighEtaGold	190782	191042	0.9886	0.0022	0	0
EEhighEtaGold	191043	193555	0.9864	0.0010	0	0
EEhighEtaGold	193556	194150	0.9872	0.0010	0	0
EEhighEtaGold	194151	194532	0.9874	0.0010	0	0
EEhighEtaGold	194533	195113	0.9878	0.0009	0	0
EEhighEtaGold	195114	195915	0.9878	0.0008	0	0
EEhighEtaGold	195916	198115	0.9869	0.0008	0	0
EEhighEtaGold	198116	199803	0.9923	0.0007	0	0
EEhighEtaGold	199804	200048	0.9937	0.0011	0	0
EEhighEtaGold	200049	200151	0.9980	0.0018	0	0
EEhighEtaGold	200152	200490	0.9948	0.0012	0	0
EEhighEtaGold	200491	200531	0.9979	0.0018	0	0
EEhighEtaGold	200532	201656	0.9945	0.0009	0	0
EEhighEtaGold	201657	202305	0.9999	0.0008	0	0
EEhighEtaGold	202305	203002	1.0018	0.0011	0	0
